2539991904482210
9287214617049266
1387776880481545
909967651503829
9323323713700582
8121478967774985
6576851420764565
531147993101467
9667479110312594
909967651503829
6576851420764565
9762516245182310
909967651503829
6990201836340914
9287214617049266
6913135353592166
1634557204606659
1387776880481545
9323323713700582
2053657656197873
1387776880481545
6913135353592166
531147993101467
1387776880481545
5623005672215834
9323323713700582
909967651503829
5621975045639625
6913135353592166
4845276520212619
2737621597281004
1387776880481545
8121478967774985
909967651503829
2807150430346446
6913135353592166
9323323713700582
909967651503829
6267740416150305
1387776880481545
531147993101467
6688029960654553
1052727248920047
1387776880481545
6267740416150305
909967651503829
9762516245182310
531147993101467
6576851420764565
4845276520212619
909967651503829
8121478967774985
9287214617049266
1387776880481545
909967651503829
2737621597281004
1387776880481545
1335051597634529
1387776880481545
8980226212374436